1000 199.452 198.982 199.922
2000 216.523 216.024 217.021
3000 214.689 214.177 215.201
4000 211.672 211.177 212.167
5000 208.633 208.14 209.126
6000 208.869 208.372 209.366
7000 208.914 208.435 209.394
8000 210.083 209.599 210.566
9000 208.482 208.001 208.962
10000 216.165 215.662 216.668
11000 207.626 207.147 208.106
12000 209.498 209.004 209.991
13000 210.666 210.172 211.16
14000 211.949 211.45 212.447
15000 211.28 210.783 211.777
16000 205.511 205.03 205.992
17000 209.748 209.262 210.233
18000 207.74 207.255 208.225
19000 210.043 209.548 210.537
20000 211.36 210.873 211.847
21000 210.526 210.037 211.015
22000 208.946 208.459 209.432
23000 209.94 209.451 210.428
24000 208.248 207.761 208.734
25000 207.772 207.286 208.259
26000 208.111 207.623 208.599
27000 208.978 208.491 209.466
28000 208.748 208.257 209.24
29000 211.253 210.767 211.74
30000 209.854 209.361 210.347
31000 209.522 209.034 210.01
32000 209.129 208.648 209.61
33000 209.667 209.178 210.155
34000 209.638 209.151 210.124
35000 210.341 209.85 210.832
36000 211.644 211.15 212.138
37000 208.761 208.274 209.248
38000 210.988 210.496 211.481
39000 210.971 210.478 211.464
40000 209.412 208.921 209.902
41000 209.617 209.131 210.103
42000 207.77 207.285 208.255
43000 209.188 208.7 209.675
44000 211.332 210.841 211.824
45000 207.605 207.122 208.087
46000 208.582 208.098 209.067
47000 208.307 207.823 208.791
48000 210.85 210.362 211.337
49000 208.711 208.226 209.196
50000 208.506 208.023 208.99
51000 208.298 207.812 208.785
52000 209.967 209.48 210.455
53000 208.817 208.329 209.304
54000 210.014 209.527 210.501
55000 209.616 209.126 210.105
56000 209.232 208.746 209.719
57000 209.99 209.504 210.476
58000 210.812 210.323 211.302
59000 208.936 208.449 209.424
60000 208.86 208.376 209.344
61000 210.485 209.997 210.974
62000 210.55 210.057 211.043
63000 208.759 208.274 209.243
64000 208.946 208.462 209.43
65000 211.434 210.943 211.925
66000 209.491 209.003 209.979
67000 210.152 209.663 210.641
68000 208.942 208.457 209.427
69000 208.72 208.234 209.205
70000 210.431 209.939 210.923
71000 209.462 208.979 209.945
72000 208.9 208.413 209.388
73000 210.038 209.549 210.528
74000 209.112 208.625 209.599
75000 209.196 208.711 209.681
76000 209.263 208.776 209.75
77000 208.184 207.698 208.67
78000 209.162 208.677 209.647
79000 210.18 209.69 210.67
80000 208.29 207.805 208.775
81000 209.474 208.986 209.962
82000 210.12 209.63 210.61
83000 209.662 209.174 210.151
84000 208.575 208.091 209.059
85000 209.855 209.365 210.346
86000 208.88 208.394 209.366
87000 209.34 208.851 209.828
88000 209.372 208.881 209.862
89000 209.154 208.665 209.644
90000 209.18 208.693 209.666
91000 208.106 207.618 208.593
92000 210.514 210.025 211.003
93000 210.427 209.936 210.919
94000 209.412 208.925 209.899
95000 210.255 209.768 210.742
96000 208.776 208.288 209.264
97000 209.313 208.823 209.803
98000 208.839 208.353 209.326
99000 211.463 210.969 211.957
100000 209.624 209.136 210.112
101000 208.57 208.086 209.054
102000 209.568 209.081 210.056
103000 209.691 209.202 210.181
104000 209.101 208.616 209.587
105000 210.364 209.874 210.854
106000 210.263 209.773 210.753
107000 209.712 209.225 210.198
108000 209.468 208.98 209.956
109000 209.28 208.794 209.765
110000 208.889 208.403 209.375
111000 208.841 208.355 209.327
112000 208.866 208.381 209.351
113000 210.153 209.662 210.645
114000 209.4 208.912 209.887
115000 208.863 208.379 209.348
116000 208.31 207.827 208.794
117000 208.084 207.597 208.57
118000 209.526 209.036 210.015
119000 209.589 209.1 210.077
120000 208.896 208.41 209.382
121000 209.449 208.963 209.936
122000 210.369 209.88 210.858
123000 209.697 209.21 210.184
124000 209.291 208.804 209.779
125000 209.381 208.892 209.87
126000 209.579 209.093 210.065
127000 209.409 208.922 209.895
128000 209.089 208.602 209.576
129000 209.421 208.934 209.908
130000 208.646 208.159 209.133
131000 209.378 208.893 209.864
132000 209.934 209.446 210.422
133000 209.698 209.211 210.185
134000 210.553 210.061 211.045
135000 209.082 208.595 209.569
136000 208.728 208.24 209.215
137000 208.789 208.303 209.275
138000 209.124 208.637 209.611
139000 208.874 208.388 209.361
140000 208.527 208.043 209.011
141000 209.136 208.65 209.623
142000 208.823 208.338 209.308
143000 209.91 209.421 210.399
144000 210.508 210.017 210.999
145000 209.785 209.296 210.274
146000 209.243 208.756 209.73
147000 210.205 209.714 210.696
148000 210.032 209.545 210.52
149000 210.141 209.651 210.63
150000 210.17 209.684 210.657
151000 209.198 208.709 209.686
152000 210.464 209.972 210.955
153000 207.852 207.369 208.335
154000 210.998 210.508 211.488
155000 209.671 209.185 210.157
156000 209.401 208.916 209.886
157000 208.913 208.427 209.399
158000 208.99 208.505 209.474
159000 209.668 209.183 210.154
160000 208.903 208.417 209.39
161000 209.13 208.644 209.615
162000 210.017 209.527 210.507
163000 208.618 208.132 209.105
164000 210.076 209.588 210.564
165000 210.919 210.428 211.41
166000 210.062 209.573 210.552
167000 208.462 207.978 208.947
168000 209.848 209.36 210.337
169000 209.931 209.444 210.418
170000 209.879 209.39 210.367
171000 209.588 209.1 210.076
172000 209.203 208.717 209.689
173000 208.949 208.463 209.435
174000 209.548 209.058 210.039
175000 208.632 208.148 209.115
176000 208.979 208.494 209.465
177000 210.057 209.568 210.546
178000 209.83 209.341 210.32
179000 209.29 208.803 209.776
180000 210.694 210.203 211.184
181000 207.756 207.273 208.239
182000 209.652 209.166 210.137
183000 208.549 208.066 209.032
184000 209.442 208.954 209.929
185000 210.342 209.853 210.832
186000 209.564 209.077 210.05
187000 209.26 208.772 209.748
188000 208.948 208.463 209.434
189000 208.754 208.269 209.239
190000 208.795 208.311 209.279
191000 209.938 209.451 210.425
192000 208.853 208.367 209.339
193000 208.68 208.195 209.165
194000 208.944 208.458 209.43
195000 209.83 209.339 210.322
196000 209.129 208.642 209.616
197000 210.278 209.79 210.767
198000 210.259 209.769 210.749
199000 210.261 209.773 210.75
200000 209.533 209.044 210.021
201000 209.272 208.785 209.758
202000 209.477 208.987 209.966
203000 209.677 209.19 210.164
204000 208.922 208.436 209.407
205000 209.313 208.823 209.802
206000 210.113 209.625 210.601
207000 210.734 210.244 211.223
208000 209.594 209.108 210.081
209000 209.432 208.945 209.92
210000 210.329 209.842 210.816
211000 209.174 208.687 209.66
212000 209.225 208.738 209.711
213000 208.925 208.438 209.412
214000 210.145 209.655 210.636
215000 209.533 209.045 210.021
216000 209.789 209.301 210.277
217000 208.699 208.213 209.186
218000 210.254 209.763 210.744
219000 209.943 209.455 210.431
220000 209.64 209.153 210.127
221000 210.375 209.886 210.864
222000 208.717 208.231 209.203
223000 209.323 208.838 209.808
224000 210.07 209.581 210.559
225000 209.689 209.2 210.177
226000 209.427 208.938 209.916
227000 210.214 209.724 210.703
228000 209.402 208.915 209.889
229000 210.706 210.217 211.194
230000 209.807 209.319 210.294
231000 209.475 208.988 209.963
232000 209.057 208.569 209.546
233000 209.208 208.719 209.696
234000 209.699 209.211 210.188
235000 209.851 209.364 210.339
236000 208.973 208.486 209.459
237000 209.955 209.465 210.444
238000 209.054 208.567 209.541
239000 209.947 209.46 210.435
240000 209.661 209.171 210.15
241000 209.363 208.876 209.85
242000 209.801 209.313 210.289
243000 210.301 209.812 210.79
244000 209.113 208.626 209.599
245000 209.422 208.933 209.91
246000 209.61 209.122 210.098
247000 210.121 209.632 210.61
248000 209.094 208.609 209.58
249000 209.457 208.971 209.942
250000 209.409 208.923 209.895
251000 209.984 209.495 210.473
252000 209.359 208.871 209.848
253000 209.05 208.565 209.536
254000 209.275 208.788 209.762
255000 210.043 209.554 210.533
256000 209.394 208.908 209.881
257000 209.683 209.194 210.173
258000 209.025 208.539 209.511
259000 209.966 209.478 210.453
260000 208.303 207.816 208.79
261000 209.526 209.039 210.013
262000 210.007 209.517 210.496
263000 209.473 208.986 209.961
264000 209.689 209.201 210.177
265000 209.881 209.393 210.37
266000 209.361 208.874 209.849
267000 209.079 208.591 209.566
268000 208.826 208.34 209.311
269000 210.513 210.023 211.004
270000 208.703 208.218 209.188
271000 209.893 209.403 210.383
272000 209.014 208.528 209.499
273000 209.751 209.264 210.239
274000 208.879 208.395 209.364
275000 209.73 209.241 210.218
276000 209.079 208.593 209.565
277000 209.125 208.638 209.612
278000 208.962 208.475 209.448
279000 209.929 209.44 210.417
280000 209.9 209.412 210.388
281000 209.351 208.863 209.838
282000 209.626 209.136 210.116
283000 209.44 208.954 209.927
284000 208.842 208.357 209.328
285000 209.274 208.786 209.762
286000 209.327 208.84 209.814
287000 209.3 208.813 209.788
288000 210.12 209.631 210.609
289000 208.802 208.316 209.288
290000 210.41 209.92 210.9
291000 209.801 209.313 210.288
292000 210.14 209.647 210.632
293000 209.354 208.866 209.842
294000 209.033 208.548 209.518
295000 209.226 208.739 209.713
296000 209.295 208.807 209.782
297000 210.17 209.68 210.659
298000 208.972 208.487 209.458
299000 209.254 208.766 209.742
300000 209.678 209.187 210.168
301000 208.972 208.486 209.457
302000 210.522 210.031 211.013
303000 209.624 209.136 210.112
304000 210.295 209.806 210.784
305000 209.509 209.022 209.996
306000 209.446 208.958 209.933
307000 209.915 209.427 210.404
308000 209.157 208.67 209.644
309000 209.53 209.043 210.017
310000 209.435 208.946 209.924
311000 210.268 209.779 210.757
312000 210.019 209.53 210.508
313000 209.422 208.933 209.911
314000 209.056 208.569 209.543
315000 209.915 209.427 210.403
316000 210.17 209.679 210.66
317000 209.238 208.753 209.724
318000 210.374 209.883 210.865
319000 209.812 209.323 210.3
320000 209.498 209.009 209.987
321000 208.91 208.424 209.395
322000 209.864 209.376 210.352
323000 209.463 208.975 209.951
324000 209.724 209.235 210.214
325000 208.575 208.089 209.061
326000 209.571 209.082 210.06
327000 208.296 207.812 208.78
328000 209.7 209.212 210.188
329000 210.043 209.553 210.533
330000 209.6 209.114 210.087
331000 209.66 209.173 210.148
332000 209.535 209.048 210.022
333000 209.281 208.794 209.769
334000 209.551 209.062 210.04
335000 209.444 208.955 209.933
336000 209.587 209.099 210.075
337000 209.297 208.811 209.784
338000 210.316 209.825 210.808
339000 209.653 209.165 210.142
340000 209.335 208.849 209.822
341000 208.991 208.503 209.478
342000 209.253 208.766 209.74
343000 209.984 209.494 210.475
344000 209.89 209.401 210.378
345000 209.803 209.314 210.292
346000 209.75 209.262 210.238
347000 209.541 209.053 210.029
348000 209.498 209.011 209.986
349000 209.312 208.826 209.799
350000 209.354 208.866 209.843
351000 209.409 208.921 209.897
352000 210.024 209.535 210.513
353000 209.917 209.428 210.407
354000 210.029 209.541 210.517
355000 209.291 208.804 209.778
356000 208.936 208.45 209.423
357000 208.963 208.476 209.451
358000 209.432 208.946 209.919
359000 209.503 209.016 209.991
360000 209.317 208.831 209.802
361000 209.783 209.296 210.27
362000 210.139 209.651 210.628
363000 209.355 208.867 209.842
364000 209.087 208.6 209.574
365000 209.773 209.284 210.261
366000 210.082 209.594 210.569
367000 209.182 208.696 209.669
368000 209.257 208.769 209.745
369000 209.47 208.983 209.957
370000 209.713 209.224 210.202
371000 209.924 209.435 210.413
372000 209.568 209.08 210.055
373000 209.069 208.584 209.555
374000 209.404 208.917 209.892
375000 209.881 209.392 210.37
376000 209.341 208.854 209.828
377000 210.018 209.529 210.506
378000 208.878 208.392 209.365
379000 209.471 208.983 209.959
380000 209.968 209.48 210.456
381000 209.592 209.105 210.08
382000 209.66 209.171 210.149
383000 209.695 209.207 210.184
384000 209.499 209.013 209.986
385000 209.068 208.581 209.555
386000 209.184 208.698 209.67
387000 209.724 209.235 210.213
388000 209.381 208.894 209.869
389000 209.589 209.102 210.076
390000 210.334 209.844 210.825
391000 209.266 208.78 209.752
392000 209.636 209.147 210.124
393000 208.559 208.074 209.043
394000 210.226 209.736 210.716
395000 209.545 209.058 210.032
396000 209.68 209.192 210.168
397000 209.026 208.539 209.513
398000 209.985 209.495 210.474
399000 209.576 209.088 210.063
400000 209.008 208.522 209.495
401000 210.041 209.553 210.528
402000 209.478 208.991 209.966
403000 209.381 208.893 209.87
404000 209.043 208.556 209.529
405000 209.782 209.293 210.271
406000 209.289 208.802 209.776
407000 209.124 208.637 209.61
408000 209.898 209.409 210.387
409000 209.332 208.844 209.82
410000 208.793 208.306 209.28
411000 209.313 208.827 209.799
412000 209.202 208.716 209.688
413000 208.969 208.482 209.455
414000 209.819 209.33 210.307
415000 209.525 209.036 210.013
416000 210.066 209.577 210.556
417000 209.892 209.403 210.38
418000 209.787 209.299 210.275
419000 209.533 209.043 210.022
420000 209.4 208.913 209.887
421000 209.33 208.843 209.817
422000 209.445 208.958 209.932
423000 209.633 209.145 210.12
424000 209.56 209.072 210.047
425000 208.956 208.469 209.443
426000 209.439 208.953 209.925
427000 209.363 208.876 209.85
428000 209.656 209.168 210.144
429000 210.032 209.544 210.52
430000 208.708 208.221 209.195
431000 209.194 208.707 209.68
432000 209.461 208.973 209.948
433000 209.614 209.126 210.102
434000 209.02 208.533 209.507
435000 209.569 209.081 210.057
436000 209.064 208.577 209.551
437000 210.015 209.527 210.503
438000 209.243 208.755 209.73
439000 209.528 209.041 210.016
440000 209.583 209.096 210.07
441000 208.703 208.219 209.188
442000 209.843 209.354 210.333
443000 209.42 208.932 209.908
444000 209.64 209.153 210.126
445000 209.789 209.301 210.278
446000 209.525 209.037 210.012
447000 209.28 208.793 209.767
448000 209.247 208.758 209.735
449000 209.214 208.727 209.7
450000 209.115 208.628 209.601
451000 209.46 208.972 209.949
452000 210.124 209.635 210.614
453000 209.544 209.057 210.032
454000 209.078 208.592 209.564
455000 209.522 209.034 210.009
456000 209.534 209.047 210.022
457000 209.148 208.663 209.634
458000 209.234 208.746 209.721
459000 209.27 208.784 209.757
460000 209.775 209.287 210.262
461000 209.65 209.162 210.137
462000 209.365 208.878 209.852
463000 209.079 208.592 209.566
464000 209.55 209.063 210.038
465000 209.642 209.155 210.129
466000 209.771 209.282 210.26
467000 209.43 208.942 209.917
468000 209.811 209.324 210.298
469000 209.274 208.787 209.761
470000 209.448 208.96 209.936
471000 209.852 209.363 210.341
472000 209.883 209.394 210.372
473000 209.335 208.848 209.823
474000 209.322 208.835 209.81
475000 210.171 209.682 210.661
476000 209.112 208.625 209.599
477000 209.75 209.262 210.238
478000 208.993 208.507 209.48
479000 209.399 208.911 209.887
480000 209.161 208.674 209.648
481000 209.385 208.897 209.873
482000 209.595 209.107 210.082
483000 209.128 208.641 209.615
484000 210.291 209.802 210.78
485000 209.931 209.442 210.419
486000 209.231 208.744 209.718
487000 209.393 208.906 209.88
488000 209.672 209.184 210.16
489000 209.566 209.079 210.052
490000 209.602 209.114 210.09
491000 209.143 208.657 209.629
492000 209.044 208.559 209.53
493000 209.166 208.679 209.653
494000 209.554 209.066 210.042
495000 209.982 209.495 210.469
496000 209.16 208.672 209.647
497000 209.95 209.46 210.439
498000 209.344 208.858 209.831
499000 209.937 209.448 210.426
500000 210.064 209.574 210.553
501000 209.434 208.946 209.921
502000 209.897 209.409 210.385
503000 209.084 208.597 209.571
504000 209.635 209.147 210.123
505000 209.017 208.529 209.504
506000 209.73 209.241 210.218
507000 209.726 209.238 210.214
508000 209.948 209.46 210.437
509000 208.785 208.299 209.271
510000 209.11 208.623 209.597
511000 209.66 209.172 210.147
512000 209.522 209.034 210.01
513000 209.577 209.089 210.065
514000 209.617 209.129 210.105
515000 208.792 208.306 209.278
516000 209.888 209.4 210.376
517000 209.584 209.097 210.072
518000 209.287 208.8 209.774
519000 209.925 209.436 210.413
520000 208.777 208.29 209.264
521000 209.919 209.429 210.409
522000 209.775 209.287 210.264
523000 209.004 208.518 209.49
524000 209.878 209.389 210.366
525000 209.268 208.782 209.754
526000 209.938 209.449 210.427
527000 208.923 208.438 209.409
528000 209.745 209.258 210.232
529000 209.684 209.197 210.172
530000 209.407 208.919 209.894
531000 209.18 208.693 209.667
532000 209.045 208.559 209.532
533000 210.213 209.724 210.701
534000 209.544 209.056 210.031
535000 209.556 209.069 210.044
536000 209.476 208.99 209.961
537000 209.913 209.424 210.402
538000 209.525 209.037 210.012
539000 209.087 208.6 209.573
540000 208.993 208.506 209.48
541000 209.935 209.447 210.424
542000 209.307 208.821 209.794
543000 210.179 209.69 210.668
544000 210.098 209.609 210.587
545000 209.259 208.77 209.747
546000 209.649 209.16 210.139
547000 208.929 208.443 209.415
548000 209.16 208.673 209.647
549000 209.623 209.135 210.111
550000 209.376 208.89 209.863
551000 209.931 209.442 210.419
552000 209.035 208.549 209.52
553000 209.525 209.038 210.012
554000 209.181 208.695 209.668
555000 209.173 208.686 209.661
556000 209.49 209.001 209.978
557000 209.83 209.341 210.319
558000 209.001 208.515 209.487
559000 209.509 209.021 209.997
560000 209.552 209.064 210.039
561000 209.781 209.291 210.27
562000 209.624 209.136 210.112
563000 209.993 209.504 210.482
564000 209.244 208.757 209.731
565000 209.992 209.503 210.481
566000 209.31 208.823 209.796
567000 209.102 208.616 209.588
568000 209.596 209.108 210.083
569000 210.045 209.556 210.534
570000 209.251 208.763 209.738
571000 209.566 209.079 210.053
572000 209.713 209.226 210.201
573000 209.002 208.516 209.489
574000 210.036 209.547 210.525
575000 209.294 208.808 209.781
576000 209.971 209.482 210.46
577000 209.908 209.419 210.396
578000 209.465 208.977 209.953
579000 209.222 208.736 209.708
580000 209.252 208.766 209.738
581000 209.486 208.997 209.974
582000 209.389 208.901 209.876
583000 209.495 209.008 209.981
584000 209.798 209.31 210.286
585000 209.13 208.644 209.615
586000 209.547 209.059 210.034
587000 209.755 209.268 210.243
588000 209.896 209.408 210.384
589000 209.652 209.164 210.14
590000 209.203 208.716 209.69
591000 209.253 208.765 209.74
592000 209.808 209.321 210.295
593000 209.293 208.807 209.78
594000 209.55 209.062 210.038
595000 208.999 208.511 209.486
596000 210.018 209.529 210.507
597000 208.95 208.464 209.435
598000 208.561 208.075 209.048
599000 209.509 209.022 209.996
600000 209.853 209.365 210.342
601000 209.946 209.458 210.433
602000 209.752 209.264 210.24
603000 209.582 209.094 210.07
604000 209.545 209.058 210.032
605000 209.429 208.942 209.916
606000 208.904 208.417 209.39
607000 209.599 209.111 210.087
608000 210.13 209.64 210.62
609000 209.624 209.135 210.112
610000 209.516 209.028 210.003
611000 209.817 209.329 210.305
612000 209.119 208.632 209.606
613000 209.921 209.434 210.409
614000 209.747 209.259 210.234
615000 209.952 209.463 210.44
616000 209.486 208.999 209.972
617000 209.459 208.971 209.947
618000 210.167 209.678 210.657
619000 208.944 208.458 209.43
620000 209.544 209.057 210.032
621000 210.022 209.533 210.511
622000 209.551 209.063 210.04
623000 209.036 208.55 209.523
624000 209.573 209.086 210.06
625000 209.421 208.933 209.909
626000 209.662 209.172 210.151
627000 209.391 208.904 209.878
628000 209.917 209.428 210.407
629000 209.285 208.797 209.772
630000 209.253 208.765 209.741
631000 209.63 209.142 210.118
632000 209.802 209.313 210.29
633000 209.734 209.246 210.222
634000 209.755 209.267 210.243
635000 209.324 208.838 209.811
636000 209.378 208.891 209.865
637000 209.621 209.133 210.108
638000 209.361 208.875 209.847
639000 209.367 208.88 209.855
640000 209.893 209.403 210.383
641000 209.671 209.183 210.159
642000 209.929 209.44 210.418
643000 209.54 209.052 210.028
644000 209.535 209.048 210.022
645000 209.907 209.418 210.396
646000 209.14 208.654 209.627
647000 209.158 208.671 209.645
648000 209.343 208.856 209.83
649000 209.601 209.114 210.089
650000 209.278 208.79 209.765
651000 209.374 208.886 209.862
652000 209.567 209.079 210.054
653000 209.072 208.586 209.557
654000 209.446 208.958 209.934
655000 209.611 209.124 210.098
656000 209.279 208.792 209.766
657000 209.687 209.199 210.175
658000 209.504 209.016 209.991
659000 210.131 209.641 210.621
660000 209.451 208.963 209.939
661000 209.236 208.75 209.723
662000 209.465 208.978 209.952
663000 209.51 209.022 209.998
664000 210.134 209.645 210.624
665000 209.115 208.628 209.602
666000 209.331 208.843 209.819
667000 209.563 209.075 210.051
668000 209.674 209.186 210.162
669000 209.12 208.634 209.606
670000 209.687 209.199 210.176
671000 209.98 209.491 210.469
672000 209.61 209.121 210.099
673000 209.951 209.462 210.439
674000 209.409 208.922 209.897
675000 209.513 209.025 210.002
676000 209.453 208.966 209.94
677000 208.998 208.512 209.484
678000 209.961 209.472 210.45
679000 208.798 208.311 209.284
680000 209.383 208.897 209.869
681000 209.632 209.144 210.12
682000 209.559 209.071 210.047
683000 209.69 209.203 210.177
684000 209.361 208.873 209.848
685000 209.346 208.858 209.833
686000 209.203 208.717 209.689
687000 209.179 208.693 209.665
688000 209.644 209.156 210.132
689000 209.258 208.771 209.745
690000 209.342 208.855 209.83
691000 209.734 209.246 210.222
692000 209.51 209.021 209.998
693000 209.314 208.827 209.8
694000 209.29 208.803 209.778
695000 209.122 208.636 209.608
696000 209.412 208.924 209.9
697000 209.528 209.04 210.017
698000 209.341 208.853 209.829
699000 209.741 209.253 210.229
700000 209.817 209.329 210.305
701000 209.51 209.022 209.997
702000 209.556 209.068 210.044
703000 209.466 208.979 209.954
704000 209.425 208.938 209.913
705000 209.572 209.085 210.059
706000 209.91 209.422 210.397
707000 209.443 208.956 209.93
708000 209.52 209.033 210.007
709000 209.992 209.503 210.482
710000 209.685 209.197 210.172
711000 209.482 208.993 209.971
712000 209.273 208.785 209.761
713000 209.459 208.972 209.946
714000 209.654 209.166 210.142
715000 209.661 209.173 210.149
716000 209.531 209.043 210.019
717000 209.571 209.083 210.058
718000 209.525 209.037 210.012
719000 209.689 209.201 210.177
720000 209.968 209.479 210.457
721000 209.776 209.288 210.264
722000 209.603 209.115 210.09
723000 209.696 209.208 210.184
724000 209.427 208.939 209.914
725000 209.622 209.134 210.11
726000 210.055 209.567 210.544
727000 209.334 208.847 209.821
728000 209.82 209.332 210.308
729000 209.873 209.385 210.362
730000 209.378 208.89 209.865
731000 209.73 209.242 210.218
732000 209.667 209.178 210.155
733000 209.724 209.235 210.212
734000 209.498 209.011 209.986
735000 209.074 208.587 209.56
736000 209.023 208.537 209.51
737000 209.529 209.041 210.017
738000 209.209 208.722 209.695
739000 209.466 208.978 209.953
740000 209.554 209.065 210.043
741000 209.293 208.805 209.782
742000 209.342 208.856 209.829
743000 209.546 209.06 210.033
744000 209.182 208.695 209.669
745000 209.821 209.333 210.309
746000 209.806 209.317 210.295
747000 209.688 209.199 210.176
748000 209.553 209.065 210.041
749000 209.199 208.712 209.685
750000 209.248 208.761 209.735
751000 210.053 209.563 210.543
752000 209.384 208.897 209.871
753000 209.158 208.671 209.645
754000 209.091 208.602 209.579
755000 209.242 208.754 209.729
756000 209.489 209.002 209.975
757000 210.138 209.648 210.627
758000 209.558 209.071 210.045
759000 209.817 209.329 210.306
760000 209.468 208.981 209.955
761000 209.339 208.851 209.826
762000 209.618 209.13 210.106
763000 209.566 209.078 210.053
764000 209.544 209.056 210.031
765000 209.675 209.186 210.164
766000 209.298 208.811 209.785
767000 209.506 209.019 209.993
768000 209.657 209.17 210.144
769000 209.699 209.211 210.187
770000 209.438 208.951 209.926
771000 209.614 209.125 210.103
772000 209.123 208.636 209.61
773000 209.129 208.642 209.615
774000 209.446 208.959 209.932
775000 209.163 208.677 209.649
776000 209.49 209.003 209.977
777000 209.541 209.055 210.028
778000 209.608 209.12 210.096
779000 209.824 209.335 210.313
780000 209.214 208.726 209.702
781000 209.548 209.06 210.036
782000 209.126 208.639 209.613
783000 209.345 208.858 209.832
784000 209.242 208.754 209.729
785000 209.786 209.297 210.274
786000 209.655 209.166 210.143
787000 209.586 209.097 210.074
788000 209.797 209.308 210.287
789000 209.315 208.828 209.802
790000 208.974 208.488 209.46
791000 209.341 208.853 209.829
792000 209.327 208.84 209.814
793000 209.835 209.346 210.323
794000 209.49 209.003 209.978
795000 209.756 209.268 210.243
796000 210.133 209.643 210.622
797000 209.48 208.992 209.968
798000 209.399 208.912 209.887
799000 209.536 209.048 210.023
800000 209.365 208.878 209.852
801000 209.075 208.588 209.562
802000 209.359 208.871 209.847
803000 209.623 209.135 210.111
804000 209.352 208.866 209.839
805000 209.367 208.88 209.855
806000 209.536 209.049 210.024
807000 209.574 209.086 210.062
808000 209.502 209.015 209.99
809000 209.435 208.948 209.923
810000 209.431 208.943 209.918
811000 209.493 209.005 209.982
812000 209.868 209.38 210.356
813000 209.449 208.962 209.937
814000 209.06 208.573 209.547
815000 209.633 209.146 210.121
816000 209.268 208.782 209.755
817000 209.342 208.856 209.828
818000 209.465 208.977 209.952
819000 209.368 208.88 209.856
820000 209.363 208.876 209.85
821000 209.739 209.252 210.227
822000 209.371 208.884 209.859
823000 209.654 209.166 210.143
824000 209.647 209.159 210.136
825000 209.088 208.603 209.574
826000 209.52 209.032 210.008
827000 209.664 209.176 210.152
828000 209.866 209.377 210.355
829000 209.177 208.691 209.664
830000 209.225 208.737 209.712
831000 209.845 209.357 210.334
832000 209.685 209.197 210.173
833000 209.682 209.194 210.169
834000 209.915 209.426 210.403
835000 209.632 209.143 210.12
836000 209.22 208.734 209.706
837000 209.337 208.851 209.824
838000 209.474 208.987 209.961
839000 209.829 209.342 210.317
840000 209.519 209.032 210.007
841000 209.598 209.111 210.086
842000 209.661 209.173 210.149
843000 209.55 209.063 210.038
844000 209.764 209.276 210.252
845000 209.857 209.369 210.345
846000 209.826 209.337 210.314
847000 209.423 208.935 209.91
848000 209.351 208.864 209.839
849000 209.883 209.395 210.372
850000 209.636 209.147 210.124
851000 209.526 209.039 210.013
852000 209.351 208.862 209.839
853000 210.099 209.61 210.588
854000 209.311 208.824 209.798
855000 210.011 209.521 210.501
856000 209.777 209.288 210.265
857000 209.665 209.176 210.154
858000 209.585 209.097 210.072
859000 209.247 208.759 209.734
860000 209.502 209.015 209.989
861000 209.698 209.211 210.186
862000 209.562 209.074 210.049
863000 209.4 208.913 209.886
864000 209.564 209.076 210.053
865000 209.456 208.969 209.943
866000 209.738 209.249 210.226
867000 209.407 208.92 209.895
868000 209.547 209.058 210.035
869000 209.989 209.5 210.478
870000 209.491 209.004 209.978
871000 209.53 209.041 210.018
872000 209.653 209.166 210.14
873000 210.13 209.64 210.62
874000 209.613 209.125 210.1
875000 209.107 208.622 209.593
876000 209.737 209.249 210.226
877000 209.501 209.013 209.989
878000 209.239 208.752 209.725
879000 209.244 208.757 209.731
880000 209.349 208.862 209.836
881000 209.713 209.225 210.201
882000 209.621 209.134 210.108
883000 209.393 208.905 209.88
884000 209.182 208.695 209.669
885000 209.412 208.924 209.899
886000 209.538 209.05 210.025
887000 209.5 209.013 209.987
888000 209.704 209.216 210.192
889000 209.255 208.768 209.742
890000 209.041 208.555 209.528
891000 209.898 209.41 210.386
892000 209.524 209.036 210.012
893000 209.337 208.851 209.823
894000 209.636 209.148 210.124
895000 209.664 209.176 210.152
896000 209.555 209.066 210.043
897000 209.654 209.166 210.142
898000 209.524 209.036 210.012
899000 209.651 209.163 210.139
900000 210.101 209.612 210.59
901000 209.274 208.787 209.761
902000 209.717 209.227 210.206
903000 208.915 208.429 209.401
904000 209.987 209.498 210.476
905000 209.675 209.187 210.164
906000 209.481 208.993 209.969
907000 210.007 209.518 210.496
908000 209.765 209.276 210.254
909000 209.221 208.734 209.707
910000 209.463 208.975 209.95
911000 209.748 209.259 210.237
912000 209.804 209.316 210.293
913000 209.712 209.225 210.2
914000 209.869 209.382 210.357
915000 209.303 208.816 209.79
916000 209.536 209.048 210.023
917000 209.936 209.447 210.425
918000 209.586 209.098 210.075
919000 209.694 209.206 210.183
920000 208.977 208.491 209.463
921000 209.634 209.147 210.121
922000 209.813 209.324 210.302
923000 209.625 209.137 210.113
924000 209.763 209.275 210.251
925000 209.633 209.145 210.121
926000 209.368 208.88 209.856
927000 209.711 209.223 210.2
928000 209.596 209.109 210.084
929000 209.593 209.105 210.08
930000 209.897 209.409 210.385
931000 209.514 209.026 210.002
932000 209.199 208.712 209.686
933000 209.285 208.798 209.773
934000 209.623 209.134 210.112
935000 209.593 209.105 210.08
936000 209.036 208.55 209.523
937000 209.55 209.063 210.037
938000 209.456 208.968 209.943
939000 209.78 209.293 210.268
940000 209.744 209.257 210.232
941000 209.604 209.117 210.092
942000 209.521 209.033 210.01
943000 209.373 208.886 209.86
944000 209.636 209.149 210.123
945000 209.821 209.332 210.31
946000 209.101 208.615 209.588
947000 209.429 208.942 209.917
948000 209.571 209.082 210.06
949000 209.849 209.362 210.337
950000 209.613 209.124 210.102
951000 209.513 209.026 210
952000 209.877 209.389 210.366
953000 209.93 209.443 210.417
954000 209.349 208.863 209.836
955000 209.462 208.975 209.949
956000 209.304 208.817 209.791
957000 209.113 208.627 209.599
958000 209.796 209.308 210.284
959000 209.449 208.961 209.936
960000 209.229 208.741 209.717
961000 209.495 209.006 209.983
962000 209.513 209.025 210.001
963000 209.369 208.881 209.856
964000 209.567 209.078 210.055
965000 209.162 208.675 209.65
966000 209.489 209.001 209.977
967000 209.395 208.909 209.882
968000 209.399 208.912 209.887
969000 209.421 208.933 209.909
970000 209.183 208.697 209.67
971000 209.458 208.971 209.946
972000 209.551 209.062 210.04
973000 209.588 209.101 210.076
974000 209.747 209.259 210.235
975000 209.613 209.125 210.102
976000 209.38 208.893 209.867
977000 209.633 209.146 210.121
978000 209.291 208.804 209.779
979000 209.268 208.782 209.755
980000 209.584 209.096 210.071
981000 209.185 208.699 209.671
982000 209.564 209.077 210.052
983000 209.436 208.95 209.923
984000 209.822 209.333 210.31
985000 209.609 209.121 210.097
986000 209.47 208.983 209.958
987000 209.717 209.23 210.205
988000 209.777 209.288 210.266
989000 209.499 209.011 209.987
990000 209.874 209.385 210.363
991000 209.583 209.096 210.07
992000 209.425 208.937 209.913
993000 209.62 209.132 210.108
994000 209.579 209.092 210.066
995000 209.344 208.857 209.831
996000 209.699 209.211 210.188
997000 209.145 208.658 209.631
998000 209.551 209.064 210.039
999000 209.42 208.932 209.907
1000000 209.339 208.852 209.827
